x1 = [-1.30 -0.45 -0.17 0.34 1.10 1.71 2.58]';
y = [-1.46 0.89 -1.14 1.04 1.57 3.79 16.41]';

A = [x1 .^ 2 x1 ones(7, 1)]

